Name: template
Comment: 
Number_of_Nodes: 32
id_Long_Lat_Demand 
 1 82 76 3
 2 96 44 4 
 3 50 5 12
 4 49 8 11
 5 13 7 3
 6 29 89 4
 7 58 30 6
 8 84 39 8
 9 14 24 8
 10 2 39 3
 11 3 82 4
 12 5 10 3
 13 98 52 8
 14 84 25 6
 15 61 59 5
 16 1 65 7
 17 88 51 5
 18 91 2 9
 19 19 32 3
 20 93 3 3
 21 50 93 3
 22 98 14 4
 23 5 42 6
 24 42 9 5
 25 61 62 5
 26 9 97 4
 27 80 55 4
 28 57 69 4
 29 23 15 5
 30 20 70 5
 31 85 60 6
 32 98 5 6 
EOF 

19.433296 -99.168051
19.431386 -99.171695
19.431655 -99.158668
19.428309 -99.171713
19.42972 -99.169363
19.430922 -99.166959
19.425468 -99.175166
19.431141 -99.158317
19.428009 -99.169918
19.433321 -99.154752
19.430992 -99.163593
19.432313 -99.161597
19.423778 -99.175558
19.424768 -99.173261
19.425477 -99.171567
19.42653 -99.169164
19.427501 -99.167125
19.42836 -99.165543
19.43001 -99.161675
19.430964 -99.160206
19.423317 -99.175124
19.424375 -99.172575
19.425483 -99.170414
19.426102 -99.168992
19.426944 -99.166946
